Node id  Followers
0  95
1  90
2  84
3  84
4  88
5  77
6  96
7  88
8  89
9  90
10  79
11  84
12  80
13  77
14  91
15  82
16  91
17  77
18  87
19  90
20  65
21  47
22  37
23  53
24  47
25  35
26  42
27  36
28  40
29  41
30  31
31  28
32  37
33  46
34  28
35  33
36  28
37  35
38  16
39  18
40  33
41  27
42  24
43  23
44  22
45  26
46  26
47  28
48  19
49  28
50  22
51  13
52  14
53  15
54  21
55  15
56  13
57  21
58  19
59  14
60  14
61  24
62  19
63  10
64  9
65  21
66  15
67  21
68  7
69  9
70  13
71  9
72  19
73  8
74  8
75  6
76  7
77  9
78  9
79  8
80  9
81  9
82  9
83  7
84  7
85  10
86  7
87  8
88  8
89  7
90  7
91  7
92  8
93  7
94  6
95  6
96  6
97  6
98  6
99  6
