Node id  Followers
0  131
1  124
2  125
3  141
4  117
5  115
6  140
7  159
8  106
9  119
10  145
11  161
12  95
13  104
14  102
15  93
16  131
17  145
18  144
19  151
20  20
21  15
22  27
23  14
24  41
25  14
26  22
27  13
28  14
29  18
30  7
31  21
32  13
33  16
34  9
35  22
36  15
37  17
38  17
39  13
40  13
41  20
42  18
43  6
44  13
45  13
46  8
47  21
48  8
49  27
50  12
51  10
52  22
53  12
54  9
55  10
56  6
57  13
58  19
59  14
60  15
61  15
62  8
63  10
64  22
65  18
66  20
67  6
68  13
69  13
70  8
71  8
72  10
73  8
74  13
75  15
76  15
77  13
78  9
79  6
80  12
81  13
82  9
83  6
84  15
85  14
86  15
87  7
88  11
89  5
90  10
91  15
92  12
93  5
94  7
95  11
96  16
97  13
98  9
99  14
100  17
101  10
102  10
103  7
104  7
105  15
106  7
107  11
108  9
109  8
110  3
111  12
112  14
113  15
114  12
115  15
116  7
117  9
118  8
119  6
120  9
121  20
122  9
123  8
124  12
125  7
126  33
127  9
128  11
129  3
130  9
131  9
132  16
133  8
134  9
135  12
136  8
137  11
138  7
139  12
140  7
141  9
142  13
143  5
144  9
145  5
146  4
147  10
148  7
149  8
150  8
151  9
152  6
153  10
154  6
155  12
156  9
157  6
158  7
159  10
160  8
161  4
162  8
163  10
164  15
165  9
166  11
167  7
168  10
169  16
170  4
171  14
172  4
173  5
174  18
175  8
176  6
177  6
178  12
179  6
180  6
181  4
182  6
183  4
184  11
185  8
186  10
187  3
188  11
189  5
190  10
191  4
192  7
193  10
194  13
195  6
196  5
197  5
198  11
199  10
200  8
201  15
202  4
203  6
204  5
205  10
206  5
207  4
208  5
209  10
210  21
211  4
212  9
213  9
214  9
215  6
216  14
217  4
218  4
219  4
220  8
221  5
222  8
223  10
224  12
225  5
226  4
227  12
228  4
229  11
230  15
231  3
232  8
233  9
234  4
235  5
236  5
237  13
238  4
239  10
240  13
241  11
242  7
243  6
244  4
245  6
246  7
247  6
248  7
249  4
250  9
251  5
252  16
253  9
254  7
255  4
256  4
257  5
258  14
259  5
260  5
261  13
262  7
263  6
264  12
265  6
266  7
267  4
268  8
269  7
270  6
271  6
272  8
273  8
274  7
275  10
276  8
277  6
278  4
279  5
280  4
281  5
282  4
283  7
284  4
285  5
286  7
287  7
288  4
289  4
290  6
291  4
292  7
293  10
294  3
295  4
296  4
297  7
298  6
299  9
300  5
301  3
302  5
303  5
304  5
305  8
306  7
307  6
308  5
309  5
310  5
311  8
312  4
313  7
314  6
315  5
316  7
317  4
318  8
319  6
320  4
321  3
322  4
323  3
324  10
325  4
326  4
327  6
328  7
329  6
330  5
331  6
332  5
333  9
334  8
335  5
336  5
337  12
338  3
339  4
340  4
341  7
342  8
343  11
344  6
345  6
346  4
347  6
348  5
349  5
350  5
351  8
352  9
353  7
354  4
355  6
356  5
357  4
358  9
359  7
360  3
361  3
362  6
363  7
364  4
365  4
366  6
367  7
368  5
369  7
370  9
371  4
372  4
373  6
374  4
375  5
376  11
377  3
378  6
379  6
380  3
381  4
382  6
383  4
384  4
385  6
386  8
387  12
388  4
389  7
390  3
391  5
392  3
393  5
394  8
395  3
396  4
397  6
398  6
399  7
400  6
401  4
402  4
403  11
404  13
405  5
406  6
407  3
408  6
409  5
410  6
411  9
412  5
413  4
414  3
415  5
416  4
417  6
418  4
419  6
420  5
421  3
422  4
423  8
424  8
425  9
426  5
427  7
428  4
429  4
430  7
431  3
432  4
433  3
434  6
435  6
436  6
437  5
438  4
439  10
440  9
441  3
442  6
443  8
444  4
445  9
446  3
447  5
448  5
449  8
450  4
451  5
452  3
453  3
454  5
455  6
456  4
457  5
458  3
459  5
460  6
461  4
462  6
463  5
464  5
465  3
466  5
467  4
468  6
469  3
470  8
471  5
472  6
473  8
474  4
475  3
476  4
477  5
478  3
479  3
480  3
481  3
482  6
483  6
484  3
485  5
486  4
487  4
488  6
489  3
490  7
491  4
492  7
493  4
494  5
495  3
496  6
497  5
498  9
499  5
500  4
501  4
502  8
503  3
504  4
505  3
506  9
507  5
508  4
509  5
510  3
511  3
512  3
513  6
514  3
515  4
516  3
517  3
518  5
519  6
520  5
521  4
522  5
523  5
524  7
525  3
526  5
527  3
528  5
529  3
530  3
531  4
532  8
533  7
534  4
535  5
536  3
537  4
538  3
539  5
540  4
541  3
542  5
543  4
544  8
545  3
546  7
547  6
548  5
549  4
550  4
551  5
552  5
553  4
554  6
555  3
556  3
557  3
558  4
559  3
560  6
561  3
562  4
563  8
564  5
565  4
566  8
567  3
568  5
569  8
570  3
571  3
572  7
573  5
574  5
575  5
576  4
577  3
578  4
579  3
580  5
581  5
582  3
583  6
584  5
585  3
586  6
587  4
588  4
589  4
590  3
591  3
592  5
593  5
594  3
595  3
596  4
597  3
598  3
599  3
600  8
601  4
602  8
603  3
604  5
605  5
606  4
607  4
608  6
609  3
610  4
611  4
612  3
613  4
614  4
615  5
616  4
617  4
618  4
619  3
620  4
621  4
622  3
623  4
624  3
625  3
626  3
627  4
628  3
629  4
630  4
631  4
632  6
633  3
634  4
635  3
636  5
637  5
638  3
639  4
640  4
641  4
642  4
643  3
644  4
645  4
646  4
647  4
648  5
649  4
650  4
651  4
652  4
653  3
654  3
655  4
656  4
657  3
658  5
659  4
660  5
661  4
662  4
663  4
664  5
665  5
666  4
667  4
668  3
669  4
670  3
671  4
672  3
673  4
674  6
675  3
676  4
677  4
678  3
679  3
680  3
681  3
682  3
683  4
684  4
685  3
686  6
687  3
688  5
689  4
690  7
691  5
692  3
693  3
694  5
695  4
696  3
697  4
698  4
699  4
700  5
701  3
702  4
703  4
704  3
705  3
706  4
707  4
708  4
709  6
710  4
711  3
712  4
713  4
714  5
715  3
716  5
717  3
718  4
719  5
720  4
721  3
722  4
723  3
724  3
725  3
726  4
727  5
728  3
729  5
730  4
731  5
732  3
733  3
734  3
735  5
736  4
737  4
738  3
739  7
740  4
741  3
742  3
743  4
744  3
745  3
746  4
747  4
748  3
749  5
750  3
751  3
752  3
753  3
754  4
755  3
756  4
757  4
758  3
759  4
760  3
761  3
762  4
763  4
764  5
765  3
766  3
767  3
768  6
769  3
770  3
771  3
772  3
773  3
774  4
775  4
776  4
777  4
778  4
779  4
780  4
781  3
782  4
783  3
784  4
785  3
786  4
787  3
788  3
789  3
790  4
791  3
792  4
793  3
794  3
795  3
796  3
797  3
798  3
799  3
800  5
801  3
802  3
803  4
804  4
805  3
806  3
807  4
808  3
809  3
810  4
811  4
812  3
813  4
814  3
815  3
816  4
817  4
818  3
819  3
820  3
821  5
822  3
823  5
824  4
825  3
826  4
827  3
828  4
829  3
830  3
831  4
832  3
833  8
834  3
835  3
836  3
837  3
838  4
839  4
840  3
841  3
842  3
843  3
844  3
845  3
846  3
847  3
848  3
849  3
850  3
851  4
852  5
853  5
854  3
855  3
856  4
857  3
858  3
859  3
860  3
861  4
862  3
863  3
864  3
865  3
866  3
867  4
868  5
869  3
870  3
871  3
872  3
873  3
874  3
875  3
876  3
877  3
878  3
879  3
880  3
881  3
882  3
883  4
884  3
885  3
886  3
887  4
888  4
889  3
890  3
891  3
892  3
893  4
894  3
895  4
896  3
897  4
898  3
899  4
900  3
901  3
902  4
903  3
904  3
905  3
906  3
907  4
908  3
909  3
910  3
911  4
912  3
913  4
914  3
915  4
916  3
917  3
918  3
919  3
920  3
921  3
922  3
923  3
924  3
925  3
926  3
927  3
928  3
929  3
930  3
931  3
932  3
933  3
934  3
935  4
936  3
937  3
938  3
939  3
940  3
941  3
942  3
943  3
944  3
945  4
946  3
947  3
948  3
949  3
950  3
951  3
952  3
953  3
954  4
955  3
956  3
957  3
958  3
959  3
960  3
961  3
962  3
963  3
964  3
965  3
966  3
967  3
968  3
969  3
970  3
971  3
972  3
973  3
974  3
975  3
976  3
977  4
978  3
979  3
980  3
981  3
982  3
983  3
984  3
985  3
986  3
987  3
988  3
989  4
990  3
991  3
992  3
993  3
994  3
995  3
996  3
997  3
998  3
999  2
